$ANSIBLE_VAULT;1.1;AES256
31656166323231363539653533333530666163316535333030353336633435623633663735346530
3231633232386531626138656334313730313265613430380a333636643565313938363464383037
31333532623062656533623634383431643032663564343235356333643831333232613737383161
6261386139653034610a656535643538363536663334663761386130336630633130613966343038
31366538383861383132306331656364306332636537623161343562383363373038613334623330
33316439316163373138326665376466643062366330376638333131616530396434633465313538
37353331356363353563643863333761306534646134313538383635643630656334353832343762
62336238383631383936646333663632633835613733623361333932363661656539373134306439
31353165396638623935633663363435646231376238313665363933653335366164383034323363
63636230643433633233663436653830353964363932343637323863343566656233303562626531
376236643639323734363537666661396664
